Timestamp,Open,High,Low,Close,Volume
1325412060.0,4.58,4.58,4.58,4.58,0.0
1325412120.0,4.58,4.58,4.58,4.58,0.0
1325412180.0,4.58,4.58,4.58,4.58,0.0
1325412240.0,4.58,4.58,4.58,4.58,0.0
1325412300.0,4.58,4.58,4.58,4.58,0.0
1325412360.0,4.58,4.58,4.58,4.58,0.0
1325412420.0,4.58,4.58,4.58,4.58,0.0
1325412480.0,4.58,4.58,4.58,4.58,0.0
1325412540.0,4.58,4.58,4.58,4.58,0.0
1325412600.0,4.58,4.58,4.58,4.58,0.0
1325412660.0,4.58,4.58,4.58,4.58,0.0
1325412720.0,4.58,4.58,4.58,4.58,0.0
1325412780.0,4.58,4.58,4.58,4.58,0.0
1325412840.0,4.58,4.58,4.58,4.58,0.0
1325412900.0,4.58,4.58,4.58,4.58,0.0
1325412960.0,4.58,4.58,4.58,4.58,0.0
1325413020.0,4.58,4.58,4.58,4.58,0.0
1325413080.0,4.58,4.58,4.58,4.58,0.0
1325413140.0,4.58,4.58,4.58,4.58,0.0
1325413200.0,4.58,4.58,4.58,4.58,0.0
1325413260.0,4.58,4.58,4.58,4.58,0.0
1325413320.0,4.58,4.58,4.58,4.58,0.0
1325413380.0,4.58,4.58,4.58,4.58,0.0
1325413440.0,4.58,4.58,4.58,4.58,0.0
1325413500.0,4.58,4.58,4.58,4.58,0.0
1325413560.0,4.58,4.58,4.58,4.58,0.0
1325413620.0,4.58,4.58,4.58,4.58,0.0
1325413680.0,4.58,4.58,4.58,4.58,0.0
1325413740.0,4.58,4.58,4.58,4.58,0.0
1325413800.0,4.58,4.58,4.58,4.58,0.0
1325413860.0,4.58,4.58,4.58,4.58,0.0
1325413920.0,4.58,4.58,4.58,4.58,0.0
1325413980.0,4.58,4.58,4.58,4.58,0.0
1325414040.0,4.58,4.58,4.58,4.58,0.0
1325414100.0,4.58,4.58,4.58,4.58,0.0
1325414160.0,4.58,4.58,4.58,4.58,0.0
1325414220.0,4.58,4.58,4.58,4.58,0.0
1325414280.0,4.58,4.58,4.58,4.58,0.0
1325414340.0,4.58,4.58,4.58,4.58,0.0
1325414400.0,4.58,4.58,4.58,4.58,0.0
1325414460.0,4.58,4.58,4.58,4.58,0.0
1325414520.0,4.58,4.58,4.58,4.58,0.0
1325414580.0,4.58,4.58,4.58,4.58,0.0
1325414640.0,4.58,4.58,4.58,4.58,0.0
1325414700.0,4.58,4.58,4.58,4.58,0.0
1325414760.0,4.58,4.58,4.58,4.58,0.0
1325414820.0,4.58,4.58,4.58,4.58,0.0
1325414880.0,4.58,4.58,4.58,4.58,0.0
1325414940.0,4.58,4.58,4.58,4.58,0.0
1325415000.0,4.58,4.58,4.58,4.58,0.0
1325415060.0,4.58,4.58,4.58,4.58,0.0
1325415120.0,4.58,4.58,4.58,4.58,0.0
1325415180.0,4.58,4.58,4.58,4.58,0.0
1325415240.0,4.58,4.58,4.58,4.58,0.0
1325415300.0,4.58,4.58,4.58,4.58,0.0
1325415360.0,4.58,4.58,4.58,4.58,0.0
1325415420.0,4.58,4.58,4.58,4.58,0.0
1325415480.0,4.58,4.58,4.58,4.58,0.0
1325415540.0,4.58,4.58,4.58,4.58,0.0
1325415600.0,4.58,4.58,4.58,4.58,0.0
1325415660.0,4.58,4.58,4.58,4.58,0.0
1325415720.0,4.58,4.58,4.58,4.58,0.0
1325415780.0,4.58,4.58,4.58,4.58,0.0
1325415840.0,4.58,4.58,4.58,4.58,0.0
1325415900.0,4.58,4.58,4.58,4.58,0.0
1325415960.0,4.58,4.58,4.58,4.58,0.0
1325416020.0,4.58,4.58,4.58,4.58,0.0
1325416080.0,4.58,4.58,4.58,4.58,0.0
1325416140.0,4.58,4.58,4.58,4.58,0.0
1325416200.0,4.58,4.58,4.58,4.58,0.0
1325416260.0,4.58,4.58,4.58,4.58,0.0
1325416320.0,4.58,4.58,4.58,4.58,0.0
1325416380.0,4.58,4.58,4.58,4.58,0.0
1325416440.0,4.58,4.58,4.58,4.58,0.0
1325416500.0,4.58,4.58,4.58,4.58,0.0
1325416560.0,4.58,4.58,4.58,4.58,0.0
1325416620.0,4.58,4.58,4.58,4.58,0.0
1325416680.0,4.58,4.58,4.58,4.58,0.0
1325416740.0,4.58,4.58,4.58,4.58,0.0
1325416800.0,4.58,4.58,4.58,4.58,0.0
1325416860.0,4.58,4.58,4.58,4.58,0.0
1325416920.0,4.58,4.58,4.58,4.58,0.0
1325416980.0,4.58,4.58,4.58,4.58,0.0
1325417040.0,4.58,4.58,4.58,4.58,0.0
1325417100.0,4.58,4.58,4.58,4.58,0.0
1325417160.0,4.58,4.58,4.58,4.58,0.0
1325417220.0,4.58,4.58,4.58,4.58,0.0
1325417280.0,4.58,4.58,4.58,4.58,0.0
1325417340.0,4.58,4.58,4.58,4.58,0.0
1325417400.0,4.58,4.58,4.58,4.58,0.0
1325417460.0,4.58,4.58,4.58,4.58,0.0
1325417520.0,4.58,4.58,4.58,4.58,0.0
1325417580.0,4.58,4.58,4.58,4.58,0.0
1325417640.0,4.58,4.58,4.58,4.58,0.0
1325417700.0,4.58,4.58,4.58,4.58,0.0
1325417760.0,4.58,4.58,4.58,4.58,0.0
1325417820.0,4.58,4.58,4.58,4.58,0.0
1325417880.0,4.58,4.58,4.58,4.58,0.0
1325417940.0,4.58,4.58,4.58,4.58,0.0
1325418000.0,4.58,4.58,4.58,4.58,0.0
1325418060.0,4.58,4.58,4.58,4.58,0.0
1325418120.0,4.58,4.58,4.58,4.58,0.0
1325418180.0,4.58,4.58,4.58,4.58,0.0
1325418240.0,4.58,4.58,4.58,4.58,0.0
1325418300.0,4.58,4.58,4.58,4.58,0.0
1325418360.0,4.58,4.58,4.58,4.58,0.0
1325418420.0,4.58,4.58,4.58,4.58,0.0
1325418480.0,4.58,4.58,4.58,4.58,0.0
1325418540.0,4.58,4.58,4.58,4.58,0.0
1325418600.0,4.58,4.58,4.58,4.58,0.0
1325418660.0,4.58,4.58,4.58,4.58,0.0
1325418720.0,4.58,4.58,4.58,4.58,0.0
1325418780.0,4.58,4.58,4.58,4.58,0.0
1325418840.0,4.58,4.58,4.58,4.58,0.0
1325418900.0,4.58,4.58,4.58,4.58,0.0
1325418960.0,4.58,4.58,4.58,4.58,0.0
1325419020.0,4.58,4.58,4.58,4.58,0.0
1325419080.0,4.58,4.58,4.58,4.58,0.0
1325419140.0,4.58,4.58,4.58,4.58,0.0
1325419200.0,4.58,4.58,4.58,4.58,0.0
1325419260.0,4.58,4.58,4.58,4.58,0.0
1325419320.0,4.58,4.58,4.58,4.58,0.0
1325419380.0,4.58,4.58,4.58,4.58,0.0
1325419440.0,4.58,4.58,4.58,4.58,0.0
1325419500.0,4.58,4.58,4.58,4.58,0.0
1325419560.0,4.58,4.58,4.58,4.58,0.0
1325419620.0,4.58,4.58,4.58,4.58,0.0
1325419680.0,4.58,4.58,4.58,4.58,0.0
1325419740.0,4.58,4.58,4.58,4.58,0.0
1325419800.0,4.58,4.58,4.58,4.58,0.0
1325419860.0,4.58,4.58,4.58,4.58,0.0
1325419920.0,4.58,4.58,4.58,4.58,0.0
1325419980.0,4.58,4.58,4.58,4.58,0.0
1325420040.0,4.58,4.58,4.58,4.58,0.0
1325420100.0,4.58,4.58,4.58,4.58,0.0
1325420160.0,4.58,4.58,4.58,4.58,0.0
1325420220.0,4.58,4.58,4.58,4.58,0.0
1325420280.0,4.58,4.58,4.58,4.58,0.0
1325420340.0,4.58,4.58,4.58,4.58,0.0
1325420400.0,4.58,4.58,4.58,4.58,0.0
1325420460.0,4.58,4.58,4.58,4.58,0.0
1325420520.0,4.58,4.58,4.58,4.58,0.0
1325420580.0,4.58,4.58,4.58,4.58,0.0
1325420640.0,4.58,4.58,4.58,4.58,0.0
1325420700.0,4.58,4.58,4.58,4.58,0.0
1325420760.0,4.58,4.58,4.58,4.58,0.0
1325420820.0,4.58,4.58,4.58,4.58,0.0
1325420880.0,4.58,4.58,4.58,4.58,0.0
1325420940.0,4.58,4.58,4.58,4.58,0.0
1325421000.0,4.58,4.58,4.58,4.58,0.0
1325421060.0,4.58,4.58,4.58,4.58,0.0
1325421120.0,4.58,4.58,4.58,4.58,0.0
1325421180.0,4.58,4.58,4.58,4.58,0.0
1325421240.0,4.58,4.58,4.58,4.58,0.0
1325421300.0,4.58,4.58,4.58,4.58,0.0
1325421360.0,4.58,4.58,4.58,4.58,0.0
1325421420.0,4.58,4.58,4.58,4.58,0.0
1325421480.0,4.58,4.58,4.58,4.58,0.0
1325421540.0,4.58,4.58,4.58,4.58,0.0
1325421600.0,4.58,4.58,4.58,4.58,0.0
1325421660.0,4.58,4.58,4.58,4.58,0.0
1325421720.0,4.58,4.58,4.58,4.58,0.0
1325421780.0,4.58,4.58,4.58,4.58,0.0
1325421840.0,4.58,4.58,4.58,4.58,0.0
1325421900.0,4.58,4.58,4.58,4.58,0.0
1325421960.0,4.58,4.58,4.58,4.58,0.0
1325422020.0,4.58,4.58,4.58,4.58,0.0
1325422080.0,4.58,4.58,4.58,4.58,0.0
1325422140.0,4.58,4.58,4.58,4.58,0.0
1325422200.0,4.58,4.58,4.58,4.58,0.0
1325422260.0,4.58,4.58,4.58,4.58,0.0
1325422320.0,4.58,4.58,4.58,4.58,0.0
1325422380.0,4.58,4.58,4.58,4.58,0.0
1325422440.0,4.58,4.58,4.58,4.58,0.0
1325422500.0,4.58,4.58,4.58,4.58,0.0
1325422560.0,4.58,4.58,4.58,4.58,0.0
1325422620.0,4.58,4.58,4.58,4.58,0.0
1325422680.0,4.58,4.58,4.58,4.58,0.0
1325422740.0,4.58,4.58,4.58,4.58,0.0
1325422800.0,4.58,4.58,4.58,4.58,0.0
1325422860.0,4.58,4.58,4.58,4.58,0.0
1325422920.0,4.58,4.58,4.58,4.58,0.0
1325422980.0,4.58,4.58,4.58,4.58,0.0
1325423040.0,4.58,4.58,4.58,4.58,0.0
1325423100.0,4.58,4.58,4.58,4.58,0.0
1325423160.0,4.58,4.58,4.58,4.58,0.0
1325423220.0,4.58,4.58,4.58,4.58,0.0
1325423280.0,4.58,4.58,4.58,4.58,0.0
1325423340.0,4.58,4.58,4.58,4.58,0.0
1325423400.0,4.58,4.58,4.58,4.58,0.0
1325423460.0,4.58,4.58,4.58,4.58,0.0
1325423520.0,4.58,4.58,4.58,4.58,0.0
1325423580.0,4.58,4.58,4.58,4.58,0.0
1325423640.0,4.58,4.58,4.58,4.58,0.0
1325423700.0,4.58,4.58,4.58,4.58,0.0
1325423760.0,4.58,4.58,4.58,4.58,0.0
1325423820.0,4.58,4.58,4.58,4.58,0.0
1325423880.0,4.58,4.58,4.58,4.58,0.0
1325423940.0,4.58,4.58,4.58,4.58,0.0
1325424000.0,4.58,4.58,4.58,4.58,0.0
1325424060.0,4.58,4.58,4.58,4.58,0.0
1325424120.0,4.58,4.58,4.58,4.58,0.0
1325424180.0,4.58,4.58,4.58,4.58,0.0
1325424240.0,4.58,4.58,4.58,4.58,0.0
1325424300.0,4.58,4.58,4.58,4.58,0.0
1325424360.0,4.58,4.58,4.58,4.58,0.0
1325424420.0,4.58,4.58,4.58,4.58,0.0
1325424480.0,4.58,4.58,4.58,4.58,0.0
1325424540.0,4.58,4.58,4.58,4.58,0.0
1325424600.0,4.58,4.58,4.58,4.58,0.0
1325424660.0,4.58,4.58,4.58,4.58,0.0
1325424720.0,4.58,4.58,4.58,4.58,0.0
1325424780.0,4.58,4.58,4.58,4.58,0.0
1325424840.0,4.58,4.58,4.58,4.58,0.0
1325424900.0,4.58,4.58,4.58,4.58,0.0
1325424960.0,4.58,4.58,4.58,4.58,0.0
1325425020.0,4.58,4.58,4.58,4.58,0.0
1325425080.0,4.58,4.58,4.58,4.58,0.0
1325425140.0,4.58,4.58,4.58,4.58,0.0
1325425200.0,4.58,4.58,4.58,4.58,0.0
1325425260.0,4.58,4.58,4.58,4.58,0.0
1325425320.0,4.58,4.58,4.58,4.58,0.0
1325425380.0,4.58,4.58,4.58,4.58,0.0
1325425440.0,4.58,4.58,4.58,4.58,0.0
1325425500.0,4.58,4.58,4.58,4.58,0.0
1325425560.0,4.58,4.58,4.58,4.58,0.0
1325425620.0,4.58,4.58,4.58,4.58,0.0
1325425680.0,4.58,4.58,4.58,4.58,0.0
1325425740.0,4.58,4.58,4.58,4.58,0.0
1325425800.0,4.58,4.58,4.58,4.58,0.0
1325425860.0,4.58,4.58,4.58,4.58,0.0
1325425920.0,4.58,4.58,4.58,4.58,0.0
1325425980.0,4.58,4.58,4.58,4.58,0.0
1325426040.0,4.58,4.58,4.58,4.58,0.0
1325426100.0,4.58,4.58,4.58,4.58,0.0
1325426160.0,4.58,4.58,4.58,4.58,0.0
1325426220.0,4.58,4.58,4.58,4.58,0.0
1325426280.0,4.58,4.58,4.58,4.58,0.0
1325426340.0,4.58,4.58,4.58,4.58,0.0
1325426400.0,4.58,4.58,4.58,4.58,0.0
1325426460.0,4.58,4.58,4.58,4.58,0.0
1325426520.0,4.58,4.58,4.58,4.58,0.0
1325426580.0,4.58,4.58,4.58,4.58,0.0
1325426640.0,4.58,4.58,4.58,4.58,0.0
1325426700.0,4.58,4.58,4.58,4.58,0.0
1325426760.0,4.58,4.58,4.58,4.58,0.0
1325426820.0,4.58,4.58,4.58,4.58,0.0
1325426880.0,4.58,4.58,4.58,4.58,0.0
1325426940.0,4.58,4.58,4.58,4.58,0.0
1325427000.0,4.58,4.58,4.58,4.58,0.0
1325427060.0,4.58,4.58,4.58,4.58,0.0
1325427120.0,4.58,4.58,4.58,4.58,0.0
1325427180.0,4.58,4.58,4.58,4.58,0.0
1325427240.0,4.58,4.58,4.58,4.58,0.0
1325427300.0,4.58,4.58,4.58,4.58,0.0
1325427360.0,4.58,4.58,4.58,4.58,0.0
1325427420.0,4.58,4.58,4.58,4.58,0.0
1325427480.0,4.58,4.58,4.58,4.58,0.0
1325427540.0,4.58,4.58,4.58,4.58,0.0
1325427600.0,4.58,4.58,4.58,4.58,0.0
1325427660.0,4.58,4.58,4.58,4.58,0.0
1325427720.0,4.58,4.58,4.58,4.58,0.0
1325427780.0,4.58,4.58,4.58,4.58,0.0
1325427840.0,4.58,4.58,4.58,4.58,0.0
1325427900.0,4.58,4.58,4.58,4.58,0.0
1325427960.0,4.58,4.58,4.58,4.58,0.0
1325428020.0,4.58,4.58,4.58,4.58,0.0
1325428080.0,4.58,4.58,4.58,4.58,0.0
1325428140.0,4.58,4.58,4.58,4.58,0.0
1325428200.0,4.58,4.58,4.58,4.58,0.0
1325428260.0,4.58,4.58,4.58,4.58,0.0
1325428320.0,4.58,4.58,4.58,4.58,0.0
1325428380.0,4.58,4.58,4.58,4.58,0.0
1325428440.0,4.58,4.58,4.58,4.58,0.0
1325428500.0,4.58,4.58,4.58,4.58,0.0
1325428560.0,4.58,4.58,4.58,4.58,0.0
1325428620.0,4.58,4.58,4.58,4.58,0.0
1325428680.0,4.58,4.58,4.58,4.58,0.0
1325428740.0,4.58,4.58,4.58,4.58,0.0
1325428800.0,4.58,4.58,4.58,4.58,0.0
1325428860.0,4.58,4.58,4.58,4.58,0.0
1325428920.0,4.58,4.58,4.58,4.58,0.0
1325428980.0,4.58,4.58,4.58,4.58,0.0
1325429040.0,4.58,4.58,4.58,4.58,0.0
1325429100.0,4.58,4.58,4.58,4.58,0.0
1325429160.0,4.58,4.58,4.58,4.58,0.0
1325429220.0,4.58,4.58,4.58,4.58,0.0
1325429280.0,4.58,4.58,4.58,4.58,0.0
1325429340.0,4.58,4.58,4.58,4.58,0.0
1325429400.0,4.58,4.58,4.58,4.58,0.0
1325429460.0,4.58,4.58,4.58,4.58,0.0
1325429520.0,4.58,4.58,4.58,4.58,0.0
1325429580.0,4.58,4.58,4.58,4.58,0.0
1325429640.0,4.58,4.58,4.58,4.58,0.0
1325429700.0,4.58,4.58,4.58,4.58,0.0
1325429760.0,4.58,4.58,4.58,4.58,0.0
1325429820.0,4.58,4.58,4.58,4.58,0.0
1325429880.0,4.58,4.58,4.58,4.58,0.0
1325429940.0,4.58,4.58,4.58,4.58,0.0
1325430000.0,4.58,4.58,4.58,4.58,0.0
1325430060.0,4.58,4.58,4.58,4.58,0.0
1325430120.0,4.58,4.58,4.58,4.58,0.0
1325430180.0,4.58,4.58,4.58,4.58,0.0
1325430240.0,4.58,4.58,4.58,4.58,0.0
1325430300.0,4.58,4.58,4.58,4.58,0.0
1325430360.0,4.58,4.58,4.58,4.58,0.0
1325430420.0,4.58,4.58,4.58,4.58,0.0
1325430480.0,4.58,4.58,4.58,4.58,0.0
1325430540.0,4.58,4.58,4.58,4.58,0.0
1325430600.0,4.58,4.58,4.58,4.58,0.0
1325430660.0,4.58,4.58,4.58,4.58,0.0
1325430720.0,4.58,4.58,4.58,4.58,0.0
1325430780.0,4.58,4.58,4.58,4.58,0.0
1325430840.0,4.58,4.58,4.58,4.58,0.0
1325430900.0,4.58,4.58,4.58,4.58,0.0
1325430960.0,4.58,4.58,4.58,4.58,0.0
1325431020.0,4.58,4.58,4.58,4.58,0.0
1325431080.0,4.58,4.58,4.58,4.58,0.0
1325431140.0,4.58,4.58,4.58,4.58,0.0
1325431200.0,4.58,4.58,4.58,4.58,0.0
1325431260.0,4.58,4.58,4.58,4.58,0.0
1325431320.0,4.58,4.58,4.58,4.58,0.0
1325431380.0,4.58,4.58,4.58,4.58,0.0
1325431440.0,4.58,4.58,4.58,4.58,0.0
1325431500.0,4.58,4.58,4.58,4.58,0.0
1325431560.0,4.58,4.58,4.58,4.58,0.0
1325431620.0,4.58,4.58,4.58,4.58,0.0
1325431680.0,4.58,4.58,4.58,4.58,0.0
1325431740.0,4.58,4.58,4.58,4.58,0.0
1325431800.0,4.58,4.58,4.58,4.58,0.0
1325431860.0,4.58,4.58,4.58,4.58,0.0
1325431920.0,4.58,4.58,4.58,4.58,0.0
1325431980.0,4.58,4.58,4.58,4.58,0.0
1325432040.0,4.58,4.58,4.58,4.58,0.0
1325432100.0,4.58,4.58,4.58,4.58,0.0
1325432160.0,4.58,4.58,4.58,4.58,0.0
1325432220.0,4.58,4.58,4.58,4.58,0.0
1325432280.0,4.58,4.58,4.58,4.58,0.0
1325432340.0,4.58,4.58,4.58,4.58,0.0
1325432400.0,4.58,4.58,4.58,4.58,0.0
1325432460.0,4.58,4.58,4.58,4.58,0.0
1325432520.0,4.58,4.58,4.58,4.58,0.0
1325432580.0,4.58,4.58,4.58,4.58,0.0
1325432640.0,4.58,4.58,4.58,4.58,0.0
1325432700.0,4.58,4.58,4.58,4.58,0.0
1325432760.0,4.58,4.58,4.58,4.58,0.0
1325432820.0,4.58,4.58,4.58,4.58,0.0
1325432880.0,4.58,4.58,4.58,4.58,0.0
1325432940.0,4.58,4.58,4.58,4.58,0.0
1325433000.0,4.58,4.58,4.58,4.58,0.0
1325433060.0,4.58,4.58,4.58,4.58,0.0
1325433120.0,4.58,4.58,4.58,4.58,0.0
1325433180.0,4.58,4.58,4.58,4.58,0.0
1325433240.0,4.58,4.58,4.58,4.58,0.0
1325433300.0,4.58,4.58,4.58,4.58,0.0
1325433360.0,4.58,4.58,4.58,4.58,0.0
1325433420.0,4.58,4.58,4.58,4.58,0.0
1325433480.0,4.58,4.58,4.58,4.58,0.0
1325433540.0,4.58,4.58,4.58,4.58,0.0
1325433600.0,4.58,4.58,4.58,4.58,0.0
1325433660.0,4.58,4.58,4.58,4.58,0.0
1325433720.0,4.58,4.58,4.58,4.58,0.0
1325433780.0,4.58,4.58,4.58,4.58,0.0
1325433840.0,4.58,4.58,4.58,4.58,0.0
1325433900.0,4.58,4.58,4.58,4.58,0.0
1325433960.0,4.58,4.58,4.58,4.58,0.0
1325434020.0,4.58,4.58,4.58,4.58,0.0
1325434080.0,4.58,4.58,4.58,4.58,0.0
1325434140.0,4.58,4.58,4.58,4.58,0.0
1325434200.0,4.58,4.58,4.58,4.58,0.0
1325434260.0,4.58,4.58,4.58,4.58,0.0
1325434320.0,4.58,4.58,4.58,4.58,0.0
1325434380.0,4.58,4.58,4.58,4.58,0.0
1325434440.0,4.58,4.58,4.58,4.58,0.0
1325434500.0,4.58,4.58,4.58,4.58,0.0
1325434560.0,4.58,4.58,4.58,4.58,0.0
1325434620.0,4.58,4.58,4.58,4.58,0.0
1325434680.0,4.58,4.58,4.58,4.58,0.0
1325434740.0,4.58,4.58,4.58,4.58,0.0
1325434800.0,4.58,4.58,4.58,4.58,0.0
1325434860.0,4.58,4.58,4.58,4.58,0.0
1325434920.0,4.58,4.58,4.58,4.58,0.0
1325434980.0,4.58,4.58,4.58,4.58,0.0
1325435040.0,4.58,4.58,4.58,4.58,0.0
1325435100.0,4.58,4.58,4.58,4.58,0.0
1325435160.0,4.58,4.58,4.58,4.58,0.0
1325435220.0,4.58,4.58,4.58,4.58,0.0
1325435280.0,4.58,4.58,4.58,4.58,0.0
1325435340.0,4.58,4.58,4.58,4.58,0.0
1325435400.0,4.58,4.58,4.58,4.58,0.0
1325435460.0,4.58,4.58,4.58,4.58,0.0
1325435520.0,4.58,4.58,4.58,4.58,0.0
1325435580.0,4.58,4.58,4.58,4.58,0.0
1325435640.0,4.58,4.58,4.58,4.58,0.0
1325435700.0,4.58,4.58,4.58,4.58,0.0
1325435760.0,4.58,4.58,4.58,4.58,0.0
1325435820.0,4.58,4.58,4.58,4.58,0.0
1325435880.0,4.58,4.58,4.58,4.58,0.0
1325435940.0,4.58,4.58,4.58,4.58,0.0
1325436000.0,4.58,4.58,4.58,4.58,0.0
1325436060.0,4.58,4.58,4.58,4.58,0.0
1325436120.0,4.58,4.58,4.58,4.58,0.0
1325436180.0,4.58,4.58,4.58,4.58,0.0
1325436240.0,4.58,4.58,4.58,4.58,0.0
1325436300.0,4.58,4.58,4.58,4.58,0.0
1325436360.0,4.58,4.58,4.58,4.58,0.0
1325436420.0,4.58,4.58,4.58,4.58,0.0
1325436480.0,4.58,4.58,4.58,4.58,0.0
1325436540.0,4.58,4.58,4.58,4.58,0.0
1325436600.0,4.58,4.58,4.58,4.58,0.0
1325436660.0,4.58,4.58,4.58,4.58,0.0
1325436720.0,4.58,4.58,4.58,4.58,0.0
1325436780.0,4.58,4.58,4.58,4.58,0.0
1325436840.0,4.58,4.58,4.58,4.58,0.0
1325436900.0,4.58,4.58,4.58,4.58,0.0
1325436960.0,4.58,4.58,4.58,4.58,0.0
1325437020.0,4.58,4.58,4.58,4.58,0.0
1325437080.0,4.58,4.58,4.58,4.58,0.0
1325437140.0,4.58,4.58,4.58,4.58,0.0
1325437200.0,4.58,4.58,4.58,4.58,0.0
1325437260.0,4.58,4.58,4.58,4.58,0.0
1325437320.0,4.58,4.58,4.58,4.58,0.0
1325437380.0,4.58,4.58,4.58,4.58,0.0
1325437440.0,4.58,4.58,4.58,4.58,0.0
1325437500.0,4.58,4.58,4.58,4.58,0.0
1325437560.0,4.58,4.58,4.58,4.58,0.0
1325437620.0,4.58,4.58,4.58,4.58,0.0
1325437680.0,4.58,4.58,4.58,4.58,0.0
1325437740.0,4.58,4.58,4.58,4.58,0.0
1325437800.0,4.58,4.58,4.58,4.58,0.0
1325437860.0,4.58,4.58,4.58,4.58,0.0
1325437920.0,4.58,4.58,4.58,4.58,0.0
1325437980.0,4.58,4.58,4.58,4.58,0.0
1325438040.0,4.58,4.58,4.58,4.58,0.0
1325438100.0,4.58,4.58,4.58,4.58,0.0
1325438160.0,4.58,4.58,4.58,4.58,0.0
1325438220.0,4.58,4.58,4.58,4.58,0.0
1325438280.0,4.58,4.58,4.58,4.58,0.0
1325438340.0,4.58,4.58,4.58,4.58,0.0
1325438400.0,4.58,4.58,4.58,4.58,0.0
1325438460.0,4.58,4.58,4.58,4.58,0.0
1325438520.0,4.58,4.58,4.58,4.58,0.0
1325438580.0,4.58,4.58,4.58,4.58,0.0
1325438640.0,4.58,4.58,4.58,4.58,0.0
1325438700.0,4.58,4.58,4.58,4.58,0.0
1325438760.0,4.58,4.58,4.58,4.58,0.0
1325438820.0,4.58,4.58,4.58,4.58,0.0
1325438880.0,4.58,4.58,4.58,4.58,0.0
1325438940.0,4.58,4.58,4.58,4.58,0.0
1325439000.0,4.58,4.58,4.58,4.58,0.0
1325439060.0,4.58,4.58,4.58,4.58,0.0
1325439120.0,4.58,4.58,4.58,4.58,0.0
1325439180.0,4.58,4.58,4.58,4.58,0.0
1325439240.0,4.58,4.58,4.58,4.58,0.0
1325439300.0,4.58,4.58,4.58,4.58,0.0
1325439360.0,4.58,4.58,4.58,4.58,0.0
1325439420.0,4.58,4.58,4.58,4.58,0.0
1325439480.0,4.58,4.58,4.58,4.58,0.0
1325439540.0,4.58,4.58,4.58,4.58,0.0
1325439600.0,4.58,4.58,4.58,4.58,0.0
1325439660.0,4.58,4.58,4.58,4.58,0.0
1325439720.0,4.58,4.58,4.58,4.58,0.0
1325439780.0,4.58,4.58,4.58,4.58,0.0
1325439840.0,4.58,4.58,4.58,4.58,0.0
1325439900.0,4.58,4.58,4.58,4.58,0.0
1325439960.0,4.58,4.58,4.58,4.58,0.0
1325440020.0,4.58,4.58,4.58,4.58,0.0
1325440080.0,4.58,4.58,4.58,4.58,0.0
1325440140.0,4.58,4.58,4.58,4.58,0.0
1325440200.0,4.58,4.58,4.58,4.58,0.0
1325440260.0,4.58,4.58,4.58,4.58,0.0
1325440320.0,4.58,4.58,4.58,4.58,0.0
1325440380.0,4.58,4.58,4.58,4.58,0.0
1325440440.0,4.58,4.58,4.58,4.58,0.0
1325440500.0,4.58,4.58,4.58,4.58,0.0
1325440560.0,4.58,4.58,4.58,4.58,0.0
1325440620.0,4.58,4.58,4.58,4.58,0.0
1325440680.0,4.58,4.58,4.58,4.58,0.0
1325440740.0,4.58,4.58,4.58,4.58,0.0
1325440800.0,4.58,4.58,4.58,4.58,0.0
1325440860.0,4.58,4.58,4.58,4.58,0.0
1325440920.0,4.58,4.58,4.58,4.58,0.0
1325440980.0,4.58,4.58,4.58,4.58,0.0
1325441040.0,4.58,4.58,4.58,4.58,0.0
1325441100.0,4.58,4.58,4.58,4.58,0.0
1325441160.0,4.58,4.58,4.58,4.58,0.0
1325441220.0,4.58,4.58,4.58,4.58,0.0
1325441280.0,4.58,4.58,4.58,4.58,0.0
1325441340.0,4.58,4.58,4.58,4.58,0.0
1325441400.0,4.58,4.58,4.58,4.58,0.0
1325441460.0,4.58,4.58,4.58,4.58,0.0
1325441520.0,4.58,4.58,4.58,4.58,0.0
1325441580.0,4.58,4.58,4.58,4.58,0.0
1325441640.0,4.58,4.58,4.58,4.58,0.0
1325441700.0,4.58,4.58,4.58,4.58,0.0
1325441760.0,4.58,4.58,4.58,4.58,0.0
1325441820.0,4.58,4.58,4.58,4.58,0.0
1325441880.0,4.58,4.58,4.58,4.58,0.0
1325441940.0,4.58,4.58,4.58,4.58,0.0
1325442000.0,4.58,4.58,4.58,4.58,0.0
1325442060.0,4.58,4.58,4.58,4.58,0.0
1325442120.0,4.58,4.58,4.58,4.58,0.0
1325442180.0,4.58,4.58,4.58,4.58,0.0
1325442240.0,4.58,4.58,4.58,4.58,0.0
1325442300.0,4.58,4.58,4.58,4.58,0.0
1325442360.0,4.58,4.58,4.58,4.58,0.0
1325442420.0,4.58,4.58,4.58,4.58,0.0
1325442480.0,4.58,4.58,4.58,4.58,0.0
1325442540.0,4.58,4.58,4.58,4.58,0.0
1325442600.0,4.58,4.58,4.58,4.58,0.0
1325442660.0,4.58,4.58,4.58,4.58,0.0
1325442720.0,4.58,4.58,4.58,4.58,0.0
1325442780.0,4.58,4.58,4.58,4.58,0.0
1325442840.0,4.58,4.58,4.58,4.58,0.0
1325442900.0,4.58,4.58,4.58,4.58,0.0
1325442960.0,4.58,4.58,4.58,4.58,0.0
1325443020.0,4.58,4.58,4.58,4.58,0.0
1325443080.0,4.58,4.58,4.58,4.58,0.0
1325443140.0,4.58,4.58,4.58,4.58,0.0
1325443200.0,4.58,4.58,4.58,4.58,0.0
1325443260.0,4.58,4.58,4.58,4.58,0.0
1325443320.0,4.58,4.58,4.58,4.58,0.0
1325443380.0,4.58,4.58,4.58,4.58,0.0
1325443440.0,4.58,4.58,4.58,4.58,0.0
1325443500.0,4.58,4.58,4.58,4.58,0.0
1325443560.0,4.58,4.58,4.58,4.58,0.0
1325443620.0,4.58,4.58,4.58,4.58,0.0
1325443680.0,4.58,4.58,4.58,4.58,0.0
1325443740.0,4.58,4.58,4.58,4.58,0.0
1325443800.0,4.58,4.58,4.58,4.58,0.0
1325443860.0,4.58,4.58,4.58,4.58,0.0
1325443920.0,4.58,4.58,4.58,4.58,0.0
1325443980.0,4.58,4.58,4.58,4.58,0.0
1325444040.0,4.58,4.58,4.58,4.58,0.0
1325444100.0,4.58,4.58,4.58,4.58,0.0
1325444160.0,4.58,4.58,4.58,4.58,0.0
1325444220.0,4.58,4.58,4.58,4.58,0.0
1325444280.0,4.58,4.58,4.58,4.58,0.0
1325444340.0,4.58,4.58,4.58,4.58,0.0
1325444400.0,4.58,4.58,4.58,4.58,0.0
1325444460.0,4.58,4.58,4.58,4.58,0.0
1325444520.0,4.58,4.58,4.58,4.58,0.0
1325444580.0,4.58,4.58,4.58,4.58,0.0
1325444640.0,4.58,4.58,4.58,4.58,0.0
1325444700.0,4.58,4.58,4.58,4.58,0.0
1325444760.0,4.58,4.58,4.58,4.58,0.0
1325444820.0,4.58,4.58,4.58,4.58,0.0
1325444880.0,4.58,4.58,4.58,4.58,0.0
1325444940.0,4.58,4.58,4.58,4.58,0.0
1325445000.0,4.58,4.58,4.58,4.58,0.0
1325445060.0,4.58,4.58,4.58,4.58,0.0
1325445120.0,4.58,4.58,4.58,4.58,0.0
1325445180.0,4.58,4.58,4.58,4.58,0.0
1325445240.0,4.58,4.58,4.58,4.58,0.0
1325445300.0,4.58,4.58,4.58,4.58,0.0
1325445360.0,4.58,4.58,4.58,4.58,0.0
1325445420.0,4.58,4.58,4.58,4.58,0.0
1325445480.0,4.58,4.58,4.58,4.58,0.0
1325445540.0,4.58,4.58,4.58,4.58,0.0
1325445600.0,4.58,4.58,4.58,4.58,0.0
1325445660.0,4.58,4.58,4.58,4.58,0.0
1325445720.0,4.58,4.58,4.58,4.58,0.0
1325445780.0,4.58,4.58,4.58,4.58,0.0
1325445840.0,4.58,4.58,4.58,4.58,0.0
1325445900.0,4.58,4.58,4.58,4.58,0.0
1325445960.0,4.58,4.58,4.58,4.58,0.0
1325446020.0,4.58,4.58,4.58,4.58,0.0
1325446080.0,4.58,4.58,4.58,4.58,0.0
1325446140.0,4.58,4.58,4.58,4.58,0.0
1325446200.0,4.58,4.58,4.58,4.58,0.0
1325446260.0,4.58,4.58,4.58,4.58,0.0
1325446320.0,4.58,4.58,4.58,4.58,0.0
1325446380.0,4.58,4.58,4.58,4.58,0.0
1325446440.0,4.58,4.58,4.58,4.58,0.0
1325446500.0,4.58,4.58,4.58,4.58,0.0
1325446560.0,4.58,4.58,4.58,4.58,0.0
1325446620.0,4.58,4.58,4.58,4.58,0.0
1325446680.0,4.58,4.58,4.58,4.58,0.0
1325446740.0,4.58,4.58,4.58,4.58,0.0
1325446800.0,4.58,4.58,4.58,4.58,0.0
1325446860.0,4.58,4.58,4.58,4.58,0.0
1325446920.0,4.58,4.58,4.58,4.58,0.0
1325446980.0,4.58,4.58,4.58,4.58,0.0
1325447040.0,4.58,4.58,4.58,4.58,0.0
1325447100.0,4.58,4.58,4.58,4.58,0.0
1325447160.0,4.58,4.58,4.58,4.58,0.0
1325447220.0,4.58,4.58,4.58,4.58,0.0
1325447280.0,4.58,4.58,4.58,4.58,0.0
1325447340.0,4.58,4.58,4.58,4.58,0.0
1325447400.0,4.58,4.58,4.58,4.58,0.0
1325447460.0,4.58,4.58,4.58,4.58,0.0
1325447520.0,4.58,4.58,4.58,4.58,0.0
1325447580.0,4.58,4.58,4.58,4.58,0.0
1325447640.0,4.58,4.58,4.58,4.58,0.0
1325447700.0,4.58,4.58,4.58,4.58,0.0
1325447760.0,4.58,4.58,4.58,4.58,0.0
1325447820.0,4.58,4.58,4.58,4.58,0.0
1325447880.0,4.58,4.58,4.58,4.58,0.0
1325447940.0,4.58,4.58,4.58,4.58,0.0
1325448000.0,4.58,4.58,4.58,4.58,0.0
1325448060.0,4.58,4.58,4.58,4.58,0.0
1325448120.0,4.58,4.58,4.58,4.58,0.0
1325448180.0,4.58,4.58,4.58,4.58,0.0
1325448240.0,4.58,4.58,4.58,4.58,0.0
1325448300.0,4.58,4.58,4.58,4.58,0.0
1325448360.0,4.58,4.58,4.58,4.58,0.0
1325448420.0,4.58,4.58,4.58,4.58,0.0
1325448480.0,4.58,4.58,4.58,4.58,0.0
1325448540.0,4.58,4.58,4.58,4.58,0.0
1325448600.0,4.58,4.58,4.58,4.58,0.0
1325448660.0,4.58,4.58,4.58,4.58,0.0
1325448720.0,4.58,4.58,4.58,4.58,0.0
1325448780.0,4.58,4.58,4.58,4.58,0.0
1325448840.0,4.58,4.58,4.58,4.58,0.0
1325448900.0,4.58,4.58,4.58,4.58,0.0
1325448960.0,4.58,4.58,4.58,4.58,0.0
1325449020.0,4.58,4.58,4.58,4.58,0.0
1325449080.0,4.58,4.58,4.58,4.58,0.0
1325449140.0,4.58,4.58,4.58,4.58,0.0
1325449200.0,4.58,4.58,4.58,4.58,0.0
1325449260.0,4.58,4.58,4.58,4.58,0.0
1325449320.0,4.58,4.58,4.58,4.58,0.0
1325449380.0,4.58,4.58,4.58,4.58,0.0
1325449440.0,4.58,4.58,4.58,4.58,0.0
1325449500.0,4.58,4.58,4.58,4.58,0.0
1325449560.0,4.58,4.58,4.58,4.58,0.0
1325449620.0,4.58,4.58,4.58,4.58,0.0
1325449680.0,4.84,4.84,4.84,4.84,10.0
1325449740.0,4.84,4.84,4.84,4.84,0.0
1325449800.0,4.84,4.84,4.84,4.84,0.0
1325449860.0,4.84,4.84,4.84,4.84,0.0
1325449920.0,4.84,4.84,4.84,4.84,0.0
1325449980.0,4.84,4.84,4.84,4.84,0.0
1325450040.0,4.84,4.84,4.84,4.84,0.0
1325450100.0,4.84,4.84,4.84,4.84,0.0
1325450160.0,4.84,4.84,4.84,4.84,0.0
1325450220.0,4.84,4.84,4.84,4.84,0.0
1325450280.0,4.84,4.84,4.84,4.84,0.0
1325450340.0,4.84,4.84,4.84,4.84,0.0
1325450400.0,4.84,4.84,4.84,4.84,0.0
1325450460.0,4.84,4.84,4.84,4.84,0.0
1325450520.0,4.84,4.84,4.84,4.84,0.0
1325450580.0,4.84,4.84,4.84,4.84,0.0
1325450640.0,4.84,4.84,4.84,4.84,0.0
1325450700.0,4.84,4.84,4.84,4.84,0.0
1325450760.0,4.84,4.84,4.84,4.84,0.0
1325450820.0,4.84,4.84,4.84,4.84,0.0
1325450880.0,4.84,4.84,4.84,4.84,0.0
1325450940.0,4.84,4.84,4.84,4.84,0.0
1325451000.0,4.84,4.84,4.84,4.84,0.0
1325451060.0,4.84,4.84,4.84,4.84,0.0
1325451120.0,4.84,4.84,4.84,4.84,0.0
1325451180.0,4.84,4.84,4.84,4.84,0.0
1325451240.0,4.84,4.84,4.84,4.84,0.0
1325451300.0,4.84,4.84,4.84,4.84,0.0
1325451360.0,4.84,4.84,4.84,4.84,0.0
1325451420.0,4.84,4.84,4.84,4.84,0.0
1325451480.0,4.84,4.84,4.84,4.84,0.0
1325451540.0,4.84,4.84,4.84,4.84,0.0
1325451600.0,4.84,4.84,4.84,4.84,0.0
1325451660.0,4.84,4.84,4.84,4.84,0.0
1325451720.0,4.84,4.84,4.84,4.84,0.0
1325451780.0,4.84,4.84,4.84,4.84,0.0
1325451840.0,4.84,4.84,4.84,4.84,0.0
1325451900.0,4.84,4.84,4.84,4.84,0.0
1325451960.0,4.84,4.84,4.84,4.84,0.0
1325452020.0,4.84,4.84,4.84,4.84,0.0
1325452080.0,4.84,4.84,4.84,4.84,0.0
1325452140.0,4.84,4.84,4.84,4.84,0.0
1325452200.0,4.84,4.84,4.84,4.84,0.0
1325452260.0,4.84,4.84,4.84,4.84,0.0
1325452320.0,4.84,4.84,4.84,4.84,0.0
1325452380.0,4.84,4.84,4.84,4.84,0.0
1325452440.0,4.84,4.84,4.84,4.84,0.0
1325452500.0,4.84,4.84,4.84,4.84,0.0
1325452560.0,4.84,4.84,4.84,4.84,0.0
1325452620.0,4.84,4.84,4.84,4.84,0.0
1325452680.0,4.84,4.84,4.84,4.84,0.0
1325452740.0,4.84,4.84,4.84,4.84,0.0
1325452800.0,4.84,4.84,4.84,4.84,0.0
1325452860.0,4.84,4.84,4.84,4.84,0.0
1325452920.0,4.84,4.84,4.84,4.84,0.0
1325452980.0,4.84,4.84,4.84,4.84,0.0
1325453040.0,4.84,4.84,4.84,4.84,0.0
1325453100.0,4.84,4.84,4.84,4.84,0.0
1325453160.0,4.84,4.84,4.84,4.84,0.0
1325453220.0,4.84,4.84,4.84,4.84,0.0
1325453280.0,4.84,4.84,4.84,4.84,0.0
1325453340.0,4.84,4.84,4.84,4.84,0.0
1325453400.0,4.84,4.84,4.84,4.84,0.0
1325453460.0,4.84,4.84,4.84,4.84,0.0
1325453520.0,4.84,4.84,4.84,4.84,0.0
1325453580.0,4.84,4.84,4.84,4.84,0.0
1325453640.0,4.84,4.84,4.84,4.84,0.0
1325453700.0,4.84,4.84,4.84,4.84,0.0
1325453760.0,4.84,4.84,4.84,4.84,0.0
1325453820.0,4.84,4.84,4.84,4.84,0.0
1325453880.0,4.84,4.84,4.84,4.84,0.0
1325453940.0,4.84,4.84,4.84,4.84,0.0
1325454000.0,4.84,4.84,4.84,4.84,0.0
1325454060.0,4.84,4.84,4.84,4.84,0.0
1325454120.0,4.84,4.84,4.84,4.84,0.0
1325454180.0,4.84,4.84,4.84,4.84,0.0
1325454240.0,4.84,4.84,4.84,4.84,0.0
1325454300.0,4.84,4.84,4.84,4.84,0.0
1325454360.0,4.84,4.84,4.84,4.84,0.0
1325454420.0,4.84,4.84,4.84,4.84,0.0
1325454480.0,4.84,4.84,4.84,4.84,0.0
1325454540.0,4.84,4.84,4.84,4.84,0.0
1325454600.0,4.84,4.84,4.84,4.84,0.0
1325454660.0,4.84,4.84,4.84,4.84,0.0
1325454720.0,4.84,4.84,4.84,4.84,0.0
1325454780.0,4.84,4.84,4.84,4.84,0.0
1325454840.0,4.84,4.84,4.84,4.84,0.0
1325454900.0,4.84,4.84,4.84,4.84,0.0
1325454960.0,4.84,4.84,4.84,4.84,0.0
1325455020.0,4.84,4.84,4.84,4.84,0.0
1325455080.0,4.84,4.84,4.84,4.84,0.0
1325455140.0,4.84,4.84,4.84,4.84,0.0
1325455200.0,4.84,4.84,4.84,4.84,0.0
1325455260.0,4.84,4.84,4.84,4.84,0.0
1325455320.0,4.84,4.84,4.84,4.84,0.0
1325455380.0,4.84,4.84,4.84,4.84,0.0
1325455440.0,4.84,4.84,4.84,4.84,0.0
1325455500.0,4.84,4.84,4.84,4.84,0.0
1325455560.0,4.84,4.84,4.84,4.84,0.0
1325455620.0,4.84,4.84,4.84,4.84,0.0
1325455680.0,4.84,4.84,4.84,4.84,0.0
1325455740.0,4.84,4.84,4.84,4.84,0.0
1325455800.0,4.84,4.84,4.84,4.84,0.0
1325455860.0,4.84,4.84,4.84,4.84,0.0
1325455920.0,4.84,4.84,4.84,4.84,0.0
1325455980.0,4.84,4.84,4.84,4.84,0.0
1325456040.0,4.84,4.84,4.84,4.84,0.0
1325456100.0,4.84,4.84,4.84,4.84,0.0
1325456160.0,4.84,4.84,4.84,4.84,0.0
1325456220.0,4.84,4.84,4.84,4.84,0.0
1325456280.0,4.84,4.84,4.84,4.84,0.0
1325456340.0,4.84,4.84,4.84,4.84,0.0
1325456400.0,4.84,4.84,4.84,4.84,0.0
1325456460.0,4.84,4.84,4.84,4.84,0.0
1325456520.0,4.84,4.84,4.84,4.84,0.0
1325456580.0,4.84,4.84,4.84,4.84,0.0
1325456640.0,4.84,4.84,4.84,4.84,0.0
1325456700.0,4.84,4.84,4.84,4.84,0.0
1325456760.0,4.84,4.84,4.84,4.84,0.0
1325456820.0,4.84,4.84,4.84,4.84,0.0
1325456880.0,4.84,4.84,4.84,4.84,0.0
1325456940.0,4.84,4.84,4.84,4.84,0.0
1325457000.0,4.84,4.84,4.84,4.84,0.0
1325457060.0,4.84,4.84,4.84,4.84,0.0
1325457120.0,4.84,4.84,4.84,4.84,0.0
1325457180.0,4.84,4.84,4.84,4.84,0.0
1325457240.0,4.84,4.84,4.84,4.84,0.0
1325457300.0,4.84,4.84,4.84,4.84,0.0
1325457360.0,4.84,4.84,4.84,4.84,0.0
1325457420.0,4.84,4.84,4.84,4.84,0.0
1325457480.0,4.84,4.84,4.84,4.84,0.0
1325457540.0,4.84,4.84,4.84,4.84,0.0
1325457600.0,4.84,4.84,4.84,4.84,0.0
1325457660.0,4.84,4.84,4.84,4.84,0.0
1325457720.0,4.84,4.84,4.84,4.84,0.0
1325457780.0,4.84,4.84,4.84,4.84,0.0
1325457840.0,4.84,4.84,4.84,4.84,0.0
1325457900.0,4.84,4.84,4.84,4.84,0.0
1325457960.0,4.84,4.84,4.84,4.84,0.0
1325458020.0,4.84,4.84,4.84,4.84,0.0
1325458080.0,4.84,4.84,4.84,4.84,0.0
1325458140.0,4.84,4.84,4.84,4.84,0.0
1325458200.0,4.84,4.84,4.84,4.84,0.0
1325458260.0,4.84,4.84,4.84,4.84,0.0
1325458320.0,4.84,4.84,4.84,4.84,0.0
1325458380.0,4.84,4.84,4.84,4.84,0.0
1325458440.0,4.84,4.84,4.84,4.84,0.0
1325458500.0,4.84,4.84,4.84,4.84,0.0
1325458560.0,4.84,4.84,4.84,4.84,0.0
1325458620.0,4.84,4.84,4.84,4.84,0.0
1325458680.0,4.84,4.84,4.84,4.84,0.0
1325458740.0,4.84,4.84,4.84,4.84,0.0
1325458800.0,4.84,4.84,4.84,4.84,0.0
1325458860.0,4.84,4.84,4.84,4.84,0.0
1325458920.0,4.84,4.84,4.84,4.84,0.0
1325458980.0,4.84,4.84,4.84,4.84,0.0
1325459040.0,4.84,4.84,4.84,4.84,0.0
1325459100.0,4.84,4.84,4.84,4.84,0.0
1325459160.0,4.84,4.84,4.84,4.84,0.0
1325459220.0,4.84,4.84,4.84,4.84,0.0
1325459280.0,4.84,4.84,4.84,4.84,0.0
1325459340.0,4.84,4.84,4.84,4.84,0.0
1325459400.0,4.84,4.84,4.84,4.84,0.0
1325459460.0,4.84,4.84,4.84,4.84,0.0
1325459520.0,4.84,4.84,4.84,4.84,0.0
1325459580.0,4.84,4.84,4.84,4.84,0.0
1325459640.0,4.84,4.84,4.84,4.84,0.0
1325459700.0,4.84,4.84,4.84,4.84,0.0
1325459760.0,4.84,4.84,4.84,4.84,0.0
1325459820.0,4.84,4.84,4.84,4.84,0.0
1325459880.0,4.84,4.84,4.84,4.84,0.0
1325459940.0,4.84,4.84,4.84,4.84,0.0
1325460000.0,4.84,4.84,4.84,4.84,0.0
1325460060.0,4.84,4.84,4.84,4.84,0.0
1325460120.0,4.84,4.84,4.84,4.84,0.0
1325460180.0,4.84,4.84,4.84,4.84,0.0
1325460240.0,4.84,4.84,4.84,4.84,0.0
1325460300.0,4.84,4.84,4.84,4.84,0.0
1325460360.0,4.84,4.84,4.84,4.84,0.0
1325460420.0,4.84,4.84,4.84,4.84,0.0
1325460480.0,4.84,4.84,4.84,4.84,0.0
1325460540.0,4.84,4.84,4.84,4.84,0.0
1325460600.0,4.84,4.84,4.84,4.84,0.0
1325460660.0,4.84,4.84,4.84,4.84,0.0
1325460720.0,4.84,4.84,4.84,4.84,0.0
1325460780.0,4.84,4.84,4.84,4.84,0.0
1325460840.0,4.84,4.84,4.84,4.84,0.0
1325460900.0,4.84,4.84,4.84,4.84,0.0
1325460960.0,4.84,4.84,4.84,4.84,0.0
1325461020.0,4.84,4.84,4.84,4.84,0.0
1325461080.0,4.84,4.84,4.84,4.84,0.0
1325461140.0,4.84,4.84,4.84,4.84,0.0
1325461200.0,4.84,4.84,4.84,4.84,0.0
1325461260.0,4.84,4.84,4.84,4.84,0.0
1325461320.0,4.84,4.84,4.84,4.84,0.0
1325461380.0,4.84,4.84,4.84,4.84,0.0
1325461440.0,4.84,4.84,4.84,4.84,0.0
1325461500.0,4.84,4.84,4.84,4.84,0.0
1325461560.0,4.84,4.84,4.84,4.84,0.0
1325461620.0,4.84,4.84,4.84,4.84,0.0
1325461680.0,4.84,4.84,4.84,4.84,0.0
1325461740.0,4.84,4.84,4.84,4.84,0.0
1325461800.0,4.84,4.84,4.84,4.84,0.0
1325461860.0,4.84,4.84,4.84,4.84,0.0
1325461920.0,4.84,4.84,4.84,4.84,0.0
1325461980.0,4.84,4.84,4.84,4.84,0.0
1325462040.0,4.84,4.84,4.84,4.84,0.0
1325462100.0,4.84,4.84,4.84,4.84,0.0
1325462160.0,4.84,4.84,4.84,4.84,0.0
1325462220.0,4.84,4.84,4.84,4.84,0.0
1325462280.0,4.84,4.84,4.84,4.84,0.0
1325462340.0,4.84,4.84,4.84,4.84,0.0
1325462400.0,4.84,4.84,4.84,4.84,0.0
1325462460.0,4.84,4.84,4.84,4.84,0.0
1325462520.0,4.84,4.84,4.84,4.84,0.0
1325462580.0,4.84,4.84,4.84,4.84,0.0
1325462640.0,4.84,4.84,4.84,4.84,0.0
1325462700.0,4.84,4.84,4.84,4.84,0.0
1325462760.0,4.84,4.84,4.84,4.84,0.0
1325462820.0,4.84,4.84,4.84,4.84,0.0
1325462880.0,4.84,4.84,4.84,4.84,0.0
1325462940.0,4.84,4.84,4.84,4.84,0.0
1325463000.0,4.84,4.84,4.84,4.84,0.0
1325463060.0,4.84,4.84,4.84,4.84,0.0
1325463120.0,4.84,4.84,4.84,4.84,0.0
1325463180.0,4.84,4.84,4.84,4.84,0.0
1325463240.0,4.84,4.84,4.84,4.84,0.0
1325463300.0,4.84,4.84,4.84,4.84,0.0
1325463360.0,4.84,4.84,4.84,4.84,0.0
1325463420.0,4.84,4.84,4.84,4.84,0.0
1325463480.0,4.84,4.84,4.84,4.84,0.0
1325463540.0,4.84,4.84,4.84,4.84,0.0
1325463600.0,4.84,4.84,4.84,4.84,0.0
1325463660.0,4.84,4.84,4.84,4.84,0.0
1325463720.0,4.84,4.84,4.84,4.84,0.0
1325463780.0,4.84,4.84,4.84,4.84,0.0
1325463840.0,4.84,4.84,4.84,4.84,0.0
1325463900.0,4.84,4.84,4.84,4.84,0.0
1325463960.0,4.84,4.84,4.84,4.84,0.0
1325464020.0,4.84,4.84,4.84,4.84,0.0
1325464080.0,4.84,4.84,4.84,4.84,0.0
1325464140.0,4.84,4.84,4.84,4.84,0.0
1325464200.0,4.84,4.84,4.84,4.84,0.0
1325464260.0,4.84,4.84,4.84,4.84,0.0
1325464320.0,4.84,4.84,4.84,4.84,0.0
1325464380.0,4.84,4.84,4.84,4.84,0.0
1325464440.0,4.84,4.84,4.84,4.84,0.0
1325464500.0,4.84,4.84,4.84,4.84,0.0
1325464560.0,4.84,4.84,4.84,4.84,0.0
1325464620.0,4.84,4.84,4.84,4.84,0.0
1325464680.0,4.84,4.84,4.84,4.84,0.0
1325464740.0,4.84,4.84,4.84,4.84,0.0
1325464800.0,4.84,4.84,4.84,4.84,0.0
1325464860.0,4.84,4.84,4.84,4.84,0.0
1325464920.0,4.84,4.84,4.84,4.84,0.0
1325464980.0,4.84,4.84,4.84,4.84,0.0
1325465040.0,4.84,4.84,4.84,4.84,0.0
1325465100.0,4.84,4.84,4.84,4.84,0.0
1325465160.0,4.84,4.84,4.84,4.84,0.0
1325465220.0,4.84,4.84,4.84,4.84,0.0
1325465280.0,4.84,4.84,4.84,4.84,0.0
1325465340.0,4.84,4.84,4.84,4.84,0.0
1325465400.0,4.84,4.84,4.84,4.84,0.0
1325465460.0,4.84,4.84,4.84,4.84,0.0
1325465520.0,4.84,4.84,4.84,4.84,0.0
1325465580.0,4.84,4.84,4.84,4.84,0.0
1325465640.0,4.84,4.84,4.84,4.84,0.0
1325465700.0,4.84,4.84,4.84,4.84,0.0
1325465760.0,4.84,4.84,4.84,4.84,0.0
1325465820.0,4.84,4.84,4.84,4.84,0.0
1325465880.0,4.84,4.84,4.84,4.84,0.0
1325465940.0,4.84,4.84,4.84,4.84,0.0
1325466000.0,4.84,4.84,4.84,4.84,0.0
1325466060.0,4.84,4.84,4.84,4.84,0.0
1325466120.0,4.84,4.84,4.84,4.84,0.0
1325466180.0,4.84,4.84,4.84,4.84,0.0
1325466240.0,4.84,4.84,4.84,4.84,0.0
1325466300.0,4.84,4.84,4.84,4.84,0.0
1325466360.0,4.84,4.84,4.84,4.84,0.0
1325466420.0,4.84,4.84,4.84,4.84,0.0
1325466480.0,4.84,4.84,4.84,4.84,0.0
1325466540.0,4.84,4.84,4.84,4.84,0.0
1325466600.0,4.84,4.84,4.84,4.84,0.0
1325466660.0,4.84,4.84,4.84,4.84,0.0
1325466720.0,4.84,4.84,4.84,4.84,0.0
1325466780.0,4.84,4.84,4.84,4.84,0.0
1325466840.0,4.84,4.84,4.84,4.84,0.0
1325466900.0,4.84,4.84,4.84,4.84,0.0
1325466960.0,4.84,4.84,4.84,4.84,0.0
1325467020.0,4.84,4.84,4.84,4.84,0.0
1325467080.0,4.84,4.84,4.84,4.84,0.0
1325467140.0,4.84,4.84,4.84,4.84,0.0
1325467200.0,4.84,4.84,4.84,4.84,0.0
1325467260.0,4.84,4.84,4.84,4.84,0.0
1325467320.0,4.84,4.84,4.84,4.84,0.0
1325467380.0,4.84,4.84,4.84,4.84,0.0
1325467440.0,4.84,4.84,4.84,4.84,0.0
1325467500.0,4.84,4.84,4.84,4.84,0.0
1325467560.0,4.84,4.84,4.84,4.84,0.0
1325467620.0,4.84,4.84,4.84,4.84,0.0
1325467680.0,4.84,4.84,4.84,4.84,0.0
1325467740.0,4.84,4.84,4.84,4.84,0.0
1325467800.0,4.84,4.84,4.84,4.84,0.0
1325467860.0,4.84,4.84,4.84,4.84,0.0
1325467920.0,4.84,4.84,4.84,4.84,0.0
1325467980.0,4.84,4.84,4.84,4.84,0.0
1325468040.0,4.84,4.84,4.84,4.84,0.0
1325468100.0,4.84,4.84,4.84,4.84,0.0
1325468160.0,4.84,4.84,4.84,4.84,0.0
1325468220.0,4.84,4.84,4.84,4.84,0.0
1325468280.0,4.84,4.84,4.84,4.84,0.0
1325468340.0,4.84,4.84,4.84,4.84,0.0
1325468400.0,4.84,4.84,4.84,4.84,0.0
1325468460.0,4.84,4.84,4.84,4.84,0.0
1325468520.0,4.84,4.84,4.84,4.84,0.0
1325468580.0,4.84,4.84,4.84,4.84,0.0
1325468640.0,4.84,4.84,4.84,4.84,0.0
1325468700.0,4.84,4.84,4.84,4.84,0.0
1325468760.0,4.84,4.84,4.84,4.84,0.0
1325468820.0,4.84,4.84,4.84,4.84,0.0
1325468880.0,4.84,4.84,4.84,4.84,0.0
1325468940.0,4.84,4.84,4.84,4.84,0.0
1325469000.0,4.84,4.84,4.84,4.84,0.0
1325469060.0,4.84,4.84,4.84,4.84,0.0
1325469120.0,4.84,4.84,4.84,4.84,0.0
1325469180.0,4.84,4.84,4.84,4.84,0.0
1325469240.0,4.84,4.84,4.84,4.84,0.0
1325469300.0,4.84,4.84,4.84,4.84,0.0
1325469360.0,4.84,4.84,4.84,4.84,0.0
1325469420.0,4.84,4.84,4.84,4.84,0.0
1325469480.0,4.84,4.84,4.84,4.84,0.0
1325469540.0,4.84,4.84,4.84,4.84,0.0
1325469600.0,4.84,4.84,4.84,4.84,0.0
1325469660.0,4.84,4.84,4.84,4.84,0.0
1325469720.0,4.84,4.84,4.84,4.84,0.0
1325469780.0,4.84,4.84,4.84,4.84,0.0
1325469840.0,4.84,4.84,4.84,4.84,0.0
1325469900.0,4.84,4.84,4.84,4.84,0.0
1325469960.0,4.84,4.84,4.84,4.84,0.0
1325470020.0,4.84,4.84,4.84,4.84,0.0
1325470080.0,4.84,4.84,4.84,4.84,0.0
1325470140.0,4.84,4.84,4.84,4.84,0.0
1325470200.0,4.84,4.84,4.84,4.84,0.0
1325470260.0,4.84,4.84,4.84,4.84,0.0
1325470320.0,4.84,4.84,4.84,4.84,0.0
1325470380.0,4.84,4.84,4.84,4.84,0.0
1325470440.0,4.84,4.84,4.84,4.84,0.0
1325470500.0,4.84,4.84,4.84,4.84,0.0
1325470560.0,4.84,4.84,4.84,4.84,0.0
1325470620.0,4.84,4.84,4.84,4.84,0.0
1325470680.0,4.84,4.84,4.84,4.84,0.0
1325470740.0,4.84,4.84,4.84,4.84,0.0
1325470800.0,4.84,4.84,4.84,4.84,0.0
1325470860.0,4.84,4.84,4.84,4.84,0.0
1325470920.0,4.84,4.84,4.84,4.84,0.0
1325470980.0,4.84,4.84,4.84,4.84,0.0
1325471040.0,4.84,4.84,4.84,4.84,0.0
1325471100.0,4.84,4.84,4.84,4.84,0.0
1325471160.0,4.84,4.84,4.84,4.84,0.0
1325471220.0,4.84,4.84,4.84,4.84,0.0
1325471280.0,4.84,4.84,4.84,4.84,0.0
1325471340.0,4.84,4.84,4.84,4.84,0.0
1325471400.0,4.84,4.84,4.84,4.84,0.0
1325471460.0,4.84,4.84,4.84,4.84,0.0
1325471520.0,4.84,4.84,4.84,4.84,0.0
1325471580.0,4.84,4.84,4.84,4.84,0.0
1325471640.0,4.84,4.84,4.84,4.84,0.0
1325471700.0,4.84,4.84,4.84,4.84,0.0
1325471760.0,4.84,4.84,4.84,4.84,0.0
1325471820.0,4.84,4.84,4.84,4.84,0.0
1325471880.0,4.84,4.84,4.84,4.84,0.0
